0	0.239686915	50
1	0.235797825	50
2	0.291850928	50
3	0.253224459	50
4	0.253184643	50
5	0.224876427	50
6	0.256661068	50
7	0.262257775	50
8	0.257288938	50
9	0.231004215	50
10	0.244919655	50
11	0.269954118	50
12	0.259567661	50
13	0.257421886	50
14	0.252521335	50
15	0.289560809	50
16	0.222514257	50
17	0.245270861	50
18	0.265696133	50
19	0.222886185	50
20	0.256386461	50
21	0.201691731	50
22	0.240327384	50
23	0.233875868	50
24	0.210213305	50
25	0.185966968	50
26	0.237436464	50
27	0.227407698	50
28	0.208836677	50
29	0.227512452	50
30	0.233009554	50
31	0.256727958	50
32	0.277285372	50
33	0.219049899	50
34	0.242051403	50
35	0.263824444	50
36	0.239984312	50
37	0.273180525	50
38	0.262593178	50
39	0.245444862	50
40	0.232372075	50
41	0.24981954	50
42	0.262626478	50
43	0.24783335	50
44	0.236855284	50
45	0.242690289	50
46	0.266609861	50
47	0.248977606	50
48	0.259088707	50
49	0.258811077	50
50	0.300227573	50
51	0.247129004	50
52	0.220472698	50
53	0.276834966	50
54	0.271616452	50
55	0.275336728	50
56	0.270900277	50
57	0.277679822	50
58	0.219256552	50
59	0.277259668	50
60	0.249487231	50
61	0.234321417	50
62	0.300432509	50
63	0.336143268	50
64	0.271932167	50
65	0.284254506	50
66	0.29941341	50
67	0.308425236	50
68	0.298445679	50
69	0.268733934	50
70	0.268096753	50
71	0.216053831	50
72	0.250421444	50
73	0.254270312	50
74	0.250298982	50
75	0.209316484	50
76	0.251740324	50
77	0.236848065	50
78	0.243492035	50
79	0.260271916	50
80	0.248549597	50
81	0.239966593	50
82	0.278787598	50
83	0.228609921	50
84	0.288824384	50
85	0.233532281	50
86	0.25813973	50
87	0.261442853	50
88	0.25274688	50
89	0.247519607	50
90	0.26059714	50
91	0.268377035	50
92	0.25421484	50
93	0.219681524	50
94	0.25960132	50
95	0.30233585	50
96	0.260374846	50
97	0.229859578	50
98	0.277724265	50
99	0.224408737	50
100	0.243325472	50
101	0.282903755	50
102	0.221478843	50
103	0.25585778	50
104	0.263876407	50
105	0.238394214	50
106	0.25173989	50
107	0.238885072	50
108	0.283133058	50
109	0.230652369	50
110	0.207519512	50
111	0.252921354	50
112	0.239065951	50
113	0.258385993	50
114	0.233018409	50
115	0.241680951	50
116	0.247912616	50
117	0.254156938	50
118	0.240797987	50
119	0.259194365	50
120	0.271148047	50
121	0.265226103	50
122	0.254529971	50
123	0.257452017	50
124	0.269734379	50
125	0.217439728	50
126	0.198274441	50
127	0.256786471	50
128	0.240029208	50
129	0.249104158	50
130	0.249113992	50
131	0.272415736	50
132	0.265353234	50
133	0.241393556	50
134	0.258773616	50
135	0.240614358	50
136	0.245083823	50
137	0.245537665	50
138	0.268044241	50
139	0.242531369	50
140	0.266467514	50
141	0.266720632	50
142	0.26486768	50
143	0.277698189	50
144	0.233230117	50
145	0.221900337	50
146	0.230208412	50
147	0.247979819	50
148	0.251684353	50
149	0.231399017	50
150	0.231477949	50
151	0.243643526	50
152	0.246326908	50
153	0.232253178	50
154	0.244316407	50
155	0.232773911	50
156	0.267525307	50
157	0.265133744	50
158	0.265875897	50
159	0.242057636	50
160	0.255164375	50
161	0.233274936	50
162	0.279651095	50
163	0.251112876	50
164	0.263048678	50
165	0.28887411	50
166	0.27065265	50
167	0.257719993	50
168	0.23622572	50
169	0.266744287	50
170	0.266317438	50
171	0.272443617	50
172	0.26702695	50
173	0.236996065	50
174	0.285337653	50
175	0.262796101	50
176	0.298372927	50
177	0.258847785	50
178	0.243253369	50
179	0.258049387	50
180	0.25453506	50
181	0.25304284	50
182	0.241337262	50
183	0.276802426	50
184	0.307600505	50
185	0.253430346	50
186	0.290867414	50
187	0.244568545	50
188	0.258777734	50
189	0.262916898	50
0	0.327575169	100
1	0.329507492	100
2	0.372032131	100
3	0.391973933	100
4	0.341650656	100
5	0.364295882	100
6	0.335680084	100
7	0.357293374	100
8	0.37890253	100
9	0.353148744	100
10	0.339400616	100
11	0.401322672	100
12	0.398772	100
13	0.347078069	100
14	0.359241645	100
15	0.378913761	100
16	0.314650076	100
17	0.334250404	100
18	0.385158298	100
19	0.363332787	100
20	0.325890048	100
21	0.360873801	100
22	0.346729391	100
23	0.339914221	100
24	0.31605669	100
25	0.375326134	100
26	0.334919824	100
27	0.349092207	100
28	0.343389288	100
29	0.336855179	100
30	0.358624346	100
31	0.311473388	100
32	0.316238964	100
33	0.345061431	100
34	0.3153963	100
35	0.36089714	100
36	0.341815468	100
37	0.366688825	100
38	0.368074164	100
39	0.322662024	100
40	0.358979963	100
41	0.371042032	100
42	0.37775576	100
43	0.338950232	100
44	0.368298564	100
45	0.367487462	100
46	0.351137309	100
47	0.366689896	100
48	0.374092834	100
49	0.369363293	100
50	0.35790026	100
51	0.329886958	100
52	0.340745033	100
53	0.348516769	100
54	0.369311637	100
55	0.365452513	100
56	0.3489144	100
57	0.362462867	100
58	0.339593278	100
59	0.358758096	100
60	0.382806496	100
61	0.335646822	100
62	0.334686147	100
63	0.419838806	100
64	0.339370346	100
65	0.359406045	100
66	0.363693816	100
67	0.356159868	100
68	0.364405797	100
69	0.356135767	100
70	0.377330272	100
71	0.348591215	100
72	0.349216579	100
73	0.376449235	100
74	0.373465377	100
75	0.354403979	100
76	0.336333773	100
77	0.370383417	100
78	0.375698826	100
79	0.37284075	100
80	0.347502743	100
81	0.339864293	100
82	0.371946215	100
83	0.344990125	100
84	0.321369206	100
85	0.37380147	100
86	0.370553656	100
87	0.378876697	100
88	0.33942454	100
89	0.372734114	100
90	0.366216884	100
91	0.355920698	100
92	0.366445435	100
93	0.358281893	100
94	0.365447764	100
95	0.371743099	100
96	0.340193067	100
97	0.333909436	100
98	0.357202604	100
99	0.358700785	100
100	0.365126183	100
101	0.373433127	100
102	0.329228722	100
103	0.339737272	100
104	0.405418367	100
105	0.371234164	100
106	0.341793452	100
107	0.342618842	100
108	0.321901296	100
109	0.335919953	100
110	0.3203598	100
111	0.353094671	100
112	0.361661043	100
113	0.340694216	100
114	0.36657943	100
115	0.353754123	100
116	0.32236814	100
117	0.387852088	100
118	0.367909789	100
119	0.364918747	100
120	0.328395373	100
121	0.325170054	100
122	0.353996801	100
123	0.34380179	100
124	0.342613009	100
125	0.375411751	100
126	0.360785495	100
127	0.352049309	100
128	0.371486431	100
129	0.381359359	100
130	0.364277274	100
131	0.358209837	100
132	0.336531633	100
133	0.350125476	100
134	0.340884073	100
135	0.381473553	100
136	0.365790315	100
137	0.316431266	100
138	0.381350631	100
139	0.341706978	100
140	0.3552772	100
141	0.35908418	100
142	0.356489851	100
143	0.33230566	100
144	0.353110318	100
145	0.367862442	100
146	0.339653174	100
147	0.361829353	100
148	0.348109686	100
149	0.328169515	100
150	0.342729413	100
151	0.353684235	100
152	0.348300369	100
153	0.35725342	100
154	0.330026474	100
155	0.356516135	100
156	0.354397868	100
157	0.341329658	100
158	0.316972416	100
159	0.326025853	100
160	0.352059638	100
161	0.308724735	100
162	0.353769253	100
163	0.357555249	100
164	0.353150733	100
165	0.367951084	100
166	0.360173192	100
167	0.343809497	100
168	0.349698512	100
169	0.35397056	100
170	0.376656021	100
171	0.350341037	100
172	0.392005092	100
173	0.360573456	100
174	0.388499638	100
175	0.334906344	100
176	0.360252904	100
177	0.316991364	100
178	0.310287978	100
179	0.353796501	100
180	0.343338263	100
181	0.35060177	100
182	0.365671541	100
183	0.354457399	100
184	0.357440598	100
185	0.324846774	100
186	0.334779709	100
187	0.320549032	100
188	0.357433386	100
189	0.342586801	100
0	0.336205595	100
1	0.352068537	100
2	0.342418543	100
3	0.347901823	100
4	0.327052345	100
5	0.306160331	100
6	0.342059291	100
7	0.347204888	100
8	0.375596279	100
9	0.328080239	100
10	0.334818358	100
11	0.347316093	100
12	0.382479428	100
13	0.310732407	100
14	0.352840796	100
15	0.322776331	100
16	0.375311316	100
17	0.336319562	100
18	0.357835945	100
19	0.359091027	100
20	0.318899091	100
21	0.381110635	100
22	0.35975232	100
23	0.367011032	100
24	0.371060344	100
25	0.384886209	100
26	0.353513864	100
27	0.351508963	100
28	0.37039128	100
29	0.327822646	100
30	0.369119093	100
31	0.377875257	100
32	0.351417839	100
33	0.352336711	100
34	0.314861384	100
35	0.41266898	100
36	0.344474385	100
37	0.373089111	100
38	0.371784824	100
39	0.361764322	100
40	0.380802367	100
41	0.376261649	100
42	0.346491942	100
43	0.40312327	100
44	0.339930176	100
45	0.368576822	100
46	0.355471165	100
47	0.405597841	100
48	0.379719068	100
49	0.382559057	100
50	0.346516015	100
51	0.338938867	100
52	0.39419653	100
53	0.371051642	100
54	0.383051379	100
55	0.36370699	100
56	0.334916519	100
57	0.351202708	100
58	0.386737855	100
59	0.311164498	100
60	0.345289098	100
61	0.381393332	100
62	0.342376944	100
63	0.377796704	100
64	0.345788854	100
65	0.363380306	100
66	0.373183001	100
67	0.361445836	100
68	0.33615761	100
69	0.355327436	100
70	0.355199818	100
71	0.360119245	100
72	0.388219795	100
73	0.364032908	100
74	0.386465753	100
75	0.370528413	100
76	0.366348858	100
77	0.362626059	100
78	0.41619843	100
79	0.358998686	100
80	0.411505222	100
81	0.36914323	100
82	0.377602699	100
83	0.390236046	100
84	0.412629313	100
85	0.362258758	100
86	0.355764977	100
87	0.343718415	100
88	0.400895189	100
89	0.329031684	100
90	0.359845028	100
91	0.342778515	100
92	0.399100277	100
93	0.357054397	100
94	0.367130633	100
95	0.328147393	100
96	0.316188883	100
97	0.375914065	100
98	0.349218314	100
99	0.33260707	100
100	0.375644473	100
101	0.329937867	100
102	0.328031159	100
103	0.319302643	100
104	0.323230466	100
105	0.340293156	100
106	0.35720315	100
107	0.363815771	100
108	0.348715385	100
109	0.360736062	100
110	0.355296326	100
111	0.342901457	100
112	0.392313632	100
113	0.346958096	100
114	0.352038022	100
115	0.339237614	100
116	0.341056851	100
117	0.394499025	100
118	0.364807804	100
119	0.370728237	100
120	0.374080147	100
121	0.348945537	100
122	0.372146185	100
123	0.371293589	100
124	0.381494637	100
125	0.376488744	100
126	0.364624313	100
127	0.377500564	100
128	0.388122368	100
129	0.345294522	100
130	0.407659517	100
131	0.355712243	100
132	0.342109656	100
133	0.372890328	100
134	0.38634379	100
135	0.322028713	100
136	0.325809305	100
137	0.366867587	100
138	0.346360127	100
139	0.365437957	100
140	0.3485383	100
141	0.362785038	100
142	0.394696437	100
143	0.336736107	100
144	0.355358157	100
145	0.342810371	100
146	0.337348745	100
147	0.361599462	100
148	0.342088705	100
149	0.368343902	100
150	0.35474003	100
151	0.345013769	100
152	0.376442756	100
153	0.355334847	100
154	0.329749864	100
155	0.401125944	100
156	0.351772065	100
157	0.406222238	100
158	0.354640368	100
159	0.360104117	100
160	0.392258148	100
161	0.345125381	100
162	0.357117837	100
163	0.349847457	100
164	0.350710187	100
165	0.326161673	100
166	0.379541212	100
167	0.343687164	100
168	0.311048365	100
169	0.363744724	100
170	0.382247122	100
171	0.38615926	100
172	0.400512826	100
173	0.368497339	100
174	0.381120972	100
175	0.395706617	100
176	0.339707692	100
177	0.306515821	100
178	0.371468039	100
179	0.361883212	100
180	0.37546231	100
181	0.364272445	100
182	0.385303037	100
183	0.373452502	100
184	0.341393321	100
185	0.357642643	100
186	0.358155092	100
187	0.320712572	100
188	0.379442017	100
189	0.353981574	100
