0	0.24267362	50
1	0.261712804	50
2	0.280114399	50
3	0.223514519	50
4	0.270520283	50
5	0.175981224	50
6	0.221593568	50
7	0.266909939	50
8	0.215763209	50
9	0.204307871	50
10	0.229136338	50
11	0.248806199	50
12	0.24708555	50
13	0.238545921	50
14	0.223068993	50
15	0.259319752	50
16	0.262872098	50
17	0.232141788	50
18	0.216188765	50
19	0.235821045	50
20	0.239966004	50
21	0.226574532	50
22	0.240821935	50
23	0.240742818	50
24	0.245651374	50
25	0.211270868	50
26	0.229162162	50
27	0.227071265	50
28	0.230704724	50
29	0.246912997	50
30	0.248725842	50
31	0.204351173	50
32	0.204919391	50
33	0.257070236	50
34	0.232701006	50
35	0.200938821	50
36	0.240158505	50
37	0.283864517	50
38	0.229572981	50
39	0.238479413	50
40	0.231430559	50
41	0.234334593	50
42	0.235859983	50
43	0.218323848	50
44	0.224826182	50
45	0.249982739	50
46	0.270055856	50
47	0.256709342	50
48	0.22864927	50
49	0.242399915	50
50	0.264533504	50
51	0.257358927	50
52	0.221392995	50
53	0.25157425	50
54	0.250697388	50
55	0.288274766	50
56	0.284523417	50
57	0.272332106	50
58	0.217820601	50
59	0.293463327	50
60	0.266640208	50
61	0.302727428	50
62	0.271036473	50
63	0.264354711	50
64	0.254826049	50
65	0.225555561	50
66	0.281474227	50
67	0.275432811	50
68	0.233799832	50
69	0.27456904	50
70	0.235610164	50
71	0.213233512	50
72	0.198752991	50
73	0.222521248	50
74	0.182542564	50
75	0.211247353	50
76	0.217879405	50
77	0.20342658	50
78	0.222906483	50
79	0.225046453	50
80	0.225054355	50
81	0.214503215	50
82	0.214056655	50
83	0.20890062	50
84	0.197251344	50
85	0.243796431	50
86	0.236558574	50
87	0.240884088	50
88	0.238425419	50
89	0.226603055	50
90	0.26059471	50
91	0.278943095	50
92	0.25719374	50
93	0.241861592	50
94	0.25845397	50
95	0.271045214	50
96	0.263189114	50
97	0.228914884	50
98	0.254052859	50
99	0.22005577	50
100	0.264266029	50
101	0.192920101	50
102	0.218357443	50
103	0.230336104	50
104	0.239308422	50
105	0.25757469	50
106	0.25075685	50
107	0.249829048	50
108	0.248925961	50
109	0.207832523	50
110	0.260460846	50
111	0.203138918	50
112	0.198302125	50
113	0.215005833	50
114	0.231491419	50
115	0.227875409	50
116	0.22326882	50
117	0.236031161	50
118	0.23164729	50
119	0.281057542	50
120	0.235009838	50
121	0.235027817	50
122	0.232818869	50
123	0.258392774	50
124	0.231570697	50
125	0.226968995	50
126	0.215345393	50
127	0.227680482	50
128	0.204843054	50
129	0.229072622	50
130	0.218092975	50
131	0.260475729	50
132	0.248852477	50
133	0.204771787	50
134	0.236729933	50
135	0.198787576	50
136	0.208334258	50
137	0.234133148	50
138	0.246158835	50
139	0.237895155	50
140	0.213522944	50
141	0.231729304	50
142	0.244380067	50
143	0.241164011	50
144	0.206733997	50
145	0.253284536	50
146	0.215756672	50
147	0.227442974	50
148	0.230328077	50
149	0.225784476	50
150	0.239140088	50
151	0.215061005	50
152	0.232483459	50
153	0.204848069	50
154	0.235362357	50
155	0.248036827	50
156	0.24751356	50
157	0.233020701	50
158	0.257735762	50
159	0.248828851	50
160	0.225838966	50
161	0.221664636	50
162	0.242628911	50
163	0.25306024	50
164	0.243592957	50
165	0.247895909	50
166	0.241250064	50
167	0.243137798	50
168	0.267740804	50
169	0.223774647	50
170	0.236574106	50
171	0.252283059	50
172	0.238674551	50
173	0.222336646	50
174	0.24241209	50
175	0.232812047	50
176	0.260679579	50
177	0.221042037	50
178	0.199299059	50
179	0.244774226	50
180	0.238997573	50
181	0.205789553	50
182	0.253236148	50
183	0.220533323	50
184	0.221883399	50
185	0.227997584	50
186	0.236293749	50
187	0.203404634	50
188	0.219546209	50
189	0.245605562	50
0	0.338783751	100
1	0.367505478	100
2	0.370434509	100
3	0.335296596	100
4	0.375717069	100
5	0.398946362	100
6	0.402192369	100
7	0.357140611	100
8	0.379702974	100
9	0.356058537	100
10	0.369008838	100
11	0.333049442	100
12	0.364426096	100
13	0.399758874	100
14	0.325041288	100
15	0.338444699	100
16	0.295822094	100
17	0.333246712	100
18	0.323379874	100
19	0.284842363	100
20	0.343152773	100
21	0.312317816	100
22	0.27891237	100
23	0.355201829	100
24	0.304118817	100
25	0.287658022	100
26	0.308706598	100
27	0.350253393	100
28	0.315649821	100
29	0.325844289	100
30	0.321933516	100
31	0.318423064	100
32	0.334215553	100
33	0.316566162	100
34	0.353087837	100
35	0.380791886	100
36	0.332736446	100
37	0.35565142	100
38	0.33933423	100
39	0.331884509	100
40	0.385405468	100
41	0.344795686	100
42	0.337464372	100
43	0.351401165	100
44	0.362837858	100
45	0.347363562	100
46	0.341629136	100
47	0.36185005	100
48	0.372908465	100
49	0.324566935	100
50	0.353725755	100
51	0.370708652	100
52	0.339331224	100
53	0.36590286	100
54	0.352625892	100
55	0.35670315	100
56	0.348886634	100
57	0.343917435	100
58	0.345973458	100
59	0.367267838	100
60	0.34754609	100
61	0.372942479	100
62	0.372799777	100
63	0.381787815	100
64	0.344987449	100
65	0.329467636	100
66	0.362243482	100
67	0.381854171	100
68	0.338371243	100
69	0.352441261	100
70	0.33166037	100
71	0.366499856	100
72	0.355986373	100
73	0.344478818	100
74	0.312912273	100
75	0.359052035	100
76	0.355719231	100
77	0.343290015	100
78	0.33815401	100
79	0.375809415	100
80	0.31537063	100
81	0.341441614	100
82	0.366203226	100
83	0.325289056	100
84	0.30864683	100
85	0.385064871	100
86	0.34057796	100
87	0.32509093	100
88	0.355526493	100
89	0.357834805	100
90	0.355447937	100
91	0.33907898	100
92	0.364643813	100
93	0.368366215	100
94	0.333529323	100
95	0.346985697	100
96	0.376303563	100
97	0.337108591	100
98	0.368174596	100
99	0.394974204	100
100	0.35922864	100
101	0.362293698	100
102	0.336250994	100
103	0.378193429	100
104	0.332817693	100
105	0.333810327	100
106	0.405749623	100
107	0.323523553	100
108	0.331139746	100
109	0.373160657	100
110	0.353757421	100
111	0.359412297	100
112	0.342864625	100
113	0.361060403	100
114	0.333204104	100
115	0.329282717	100
116	0.40929254	100
117	0.363578353	100
118	0.352979697	100
119	0.312854435	100
120	0.360944777	100
121	0.406423673	100
122	0.332893356	100
123	0.381903466	100
124	0.321335393	100
125	0.340151028	100
126	0.35305043	100
127	0.368098946	100
128	0.342009356	100
129	0.358752397	100
130	0.317559371	100
131	0.371612	100
132	0.381608484	100
133	0.335107072	100
134	0.36529994	100
135	0.334426532	100
136	0.359543076	100
137	0.342338077	100
138	0.352319987	100
139	0.366072681	100
140	0.290397681	100
141	0.3140729	100
142	0.370435483	100
143	0.323225852	100
144	0.324234725	100
145	0.398160681	100
146	0.320461716	100
147	0.352335825	100
148	0.35012305	100
149	0.34208842	100
150	0.337984909	100
151	0.34695388	100
152	0.347602659	100
153	0.331056188	100
154	0.345385455	100
155	0.381891596	100
156	0.376920092	100
157	0.335147292	100
158	0.342139508	100
159	0.365303184	100
160	0.355283548	100
161	0.3292627	100
162	0.352903811	100
163	0.35879509	100
164	0.309638638	100
165	0.351286275	100
166	0.353493124	100
167	0.327103698	100
168	0.361283994	100
169	0.368876524	100
170	0.352257933	100
171	0.343230284	100
172	0.375863578	100
173	0.342005219	100
174	0.34523231	100
175	0.332456654	100
176	0.376919798	100
177	0.379778301	100
178	0.336452786	100
179	0.39283117	100
180	0.304186023	100
181	0.327423704	100
182	0.361422818	100
183	0.317387471	100
184	0.36937052	100
185	0.325534582	100
186	0.328917071	100
187	0.348649897	100
188	0.344088431	100
189	0.33719498	100
0	0.828471934	500
1	0.748585134	500
2	0.85870434	500
3	0.811979205	500
4	0.75675871	500
5	0.812093744	500
6	0.785000299	500
7	0.807281559	500
8	0.818232043	500
9	0.818059633	500
10	0.811925105	500
11	0.785449737	500
12	0.850974584	500
13	0.773411989	500
14	0.830272318	500
15	0.786529452	500
16	0.777908076	500
17	0.826768813	500
18	0.766434567	500
19	0.792769503	500
20	0.765612027	500
21	0.823900051	500
22	0.791906215	500
23	0.823201881	500
24	0.784545525	500
25	0.773124027	500
26	0.815962639	500
27	0.786250995	500
28	0.774456705	500
29	0.781965933	500
30	0.802050911	500
31	0.777070896	500
32	0.788952014	500
33	0.792114158	500
34	0.796687476	500
35	0.836488432	500
36	0.795302374	500
37	0.815763329	500
38	0.792481468	500
39	0.784916216	500
40	0.786977304	500
41	0.754058812	500
42	0.809316786	500
43	0.799749849	500
44	0.813286152	500
45	0.800416443	500
46	0.77520466	500
47	0.820779051	500
48	0.810605275	500
49	0.81601341	500
50	0.774357147	500
51	0.732018269	500
52	0.802795719	500
53	0.769182014	500
54	0.856876104	500
55	0.81016549	500
56	0.831298452	500
57	0.858513056	500
58	0.797465448	500
59	0.868371919	500
60	0.798796686	500
61	0.807059246	500
62	0.837621168	500
63	0.847333193	500
64	0.794213633	500
65	0.78418597	500
66	0.82701573	500
67	0.845089703	500
68	0.779778301	500
69	0.856265892	500
70	0.79423219	500
71	0.815817965	500
72	0.815727202	500
73	0.830361182	500
74	0.796576306	500
75	0.811373629	500
76	0.817592503	500
77	0.83206939	500
78	0.845674043	500
79	0.82974618	500
80	0.83702974	500
81	0.846107675	500
82	0.779131289	500
83	0.829183939	500
84	0.796123804	500
85	0.78681425	500
86	0.752866798	500
87	0.805148733	500
88	0.802324766	500
89	0.801625084	500
90	0.786002831	500
91	0.779610387	500
92	0.809456424	500
93	0.810135404	500
94	0.816567726	500
95	0.772295492	500
96	0.751619164	500
97	0.822678261	500
98	0.770256222	500
99	0.763753555	500
100	0.805348001	500
101	0.77629311	500
102	0.829478168	500
103	0.832021583	500
104	0.772543596	500
105	0.853736926	500
106	0.80964484	500
107	0.835152639	500
108	0.825373001	500
109	0.784675796	500
110	0.818677229	500
111	0.747930211	500
112	0.764976901	500
113	0.826881319	500
114	0.797340554	500
115	0.798126999	500
116	0.818898312	500
117	0.854842909	500
118	0.761512184	500
119	0.797327788	500
120	0.773372488	500
121	0.798367337	500
122	0.797469831	500
123	0.782859265	500
124	0.809825158	500
125	0.787976558	500
126	0.777664663	500
127	0.794454552	500
128	0.792463197	500
129	0.834423216	500
130	0.795603153	500
131	0.81078788	500
132	0.768892736	500
133	0.804850529	500
134	0.780964139	500
135	0.798844512	500
136	0.8264313	500
137	0.821521274	500
138	0.858355345	500
139	0.807734057	500
140	0.804192864	500
141	0.790208375	500
142	0.809369245	500
143	0.804860869	500
144	0.808468929	500
145	0.827860036	500
146	0.801759331	500
147	0.815423899	500
148	0.828798368	500
149	0.793379725	500
150	0.799750147	500
151	0.780823752	500
152	0.783568533	500
153	0.786142206	500
154	0.800499264	500
155	0.858915783	500
156	0.807877826	500
157	0.811904889	500
158	0.79811904	500
159	0.788559214	500
160	0.806708891	500
161	0.815513199	500
162	0.837963055	500
163	0.754584722	500
164	0.813253257	500
165	0.786124662	500
166	0.784121833	500
167	0.821027232	500
168	0.826146529	500
169	0.809571922	500
170	0.824933715	500
171	0.81699224	500
172	0.824995588	500
173	0.809354435	500
174	0.857265981	500
175	0.818494079	500
176	0.787479673	500
177	0.756631647	500
178	0.814990599	500
179	0.793743564	500
180	0.821288237	500
181	0.804517889	500
182	0.793805266	500
183	0.800861933	500
184	0.756814423	500
185	0.816817411	500
186	0.781676714	500
187	0.823612848	500
188	0.756082613	500
189	0.813135185	500
